0111101010000010110110111101011000000110011010010000000000000000000000000000000000100011100010010000110000000000001
1101001001010100101011110101100111000000000010000000001000000001000001000000001000000000000100001100010010010000000
1010011111010000101011000111011100101000100000000010011001100001000000000000000000000000000100010000000001110010011
1010011111001010100010101101100110101000010000000000110001101001000000000100000000100000000000001000000110010000011
0110111101000101101010110001011100000100010000100101010110000001000000000000000100000100000100010000000000010010011
1011000111001011100011010011100110100000100001000000000010101001000000000100000010101000000000001000000001010000001
1011001010100101111010111100000110100000010010000000000100010100010000000000100000010010010100001000110000000000011
1010101101101010011001010010101110110000100000000000010010000010101000000010000001000000010000000000000000000100110
1101000101011010011001110001111011000000000001000000000010000000100010100010000001000000100000000100000000001101101
1011000111001011100010111001011100100000010001000000000010101001000000000100000010100100000000010000100000010010011
0111101000100110110111010110001100000101101010000100000000000000001000000000010000100011010001010000010000000000011
1010101111000010101001010011101110110000100000010000010010100001000000000000000001000000000000000000000001010100110
0110111101000101101010101101000110000100010000100100110101000001000000000000100000010000000100001000000000010000001
0111010101010110101000101101001110000100010101000000100001000001000001100000100001000000000000000000000000010000110
1101001010001010110011110110011101000010000010000000000000001000000000000100000000100010010000010101010000100010001
1011001001101110011000111100001110100000010010000000000000000010110000001010100001000000010000000000110000000000101
1101000110010010110111101101011001000010000001000000000001000000000000100000000000100011100010010110000000000000010
1101000110010010110111101101011001000010000001000000000001000000000000100000000000100011100010010110000000000000010
1101001010000110111001110110001111000010000010000000000000000100000000000000010001000010010000000101010000000000100
1010101111000001101010111001011100110000010000010000010110100001000000000000000000000100000100010000100000010010011
1101000101001111010111110001011001000000000001000000000010000000100000001001000110100100100010010100000000000000001
1100101110000010111001101110001111010010000000010000010001000000000000000000000001000010010000000111001000000000101
1101000101011010010111101101100011000000000001000000000001000000100010100001000000100000100000101110000110000000011
0110111110000001111010101101010010000110010000110000110101000000000000000000000000010010100100001000000000000001011
1101000101011010011001110001111011000000000001000000000010000000100010100010000001000000100000000100000000001101101
1011001010110000111010111100100110100000010010000000001000010000010000000000000000000010010100001000110110000000001
1010011111000110101000110001101110101000010000000001010010100101000000000000001001000000000000000000000000010100101
1100101110000001111011110010100111010010000000010000010110000000000000000000000000001010010100001101000000000000001
1101001000110100111011110100100111000001000010000000001000000000010001000000001000000010010100001100010010000000001
1011000101111010100011001101011100100000100001000000000001000011000110100100000000100000000000010010000000010010011
1101000101010101011111101101000011000000000001000000000001000000100001010000100000010000101100101110000000000000011
1011000101110101101011001101000110100000100001000000000001000011000101010000100000010000000100001010000000010000011
0111101001001010100011010111011100000100101010000000000000000001000000000100000000100000000000010000010001110010010
1101000101011001011011101110000111000000000001000000000001000000100010010010000000010000010100001111001000000000011
1101001001010100011111110101011001000000000010000000001000000000100001000000000100000000101110010100010000000000010
1100101101001001011011110010100111010000000000000000010110000000100000000010000000001000010100001101000000000000010
1010011111001010010110101101011000101000010000000000110001101000100000000001000000100000100010010000000000000000001
0111101010000010111001010111011010000110101010010000000000000000000000000000000001000010100000000000010001100001101
1011000110110001111011010010100110100000100001000000000010010000001000010000000000001010010100001000000000000000000
1100101101001001011011110010100111010000000000000000010110000000100000000010000000001000010100001101000000000000010
1011000111000111101000111001001110100000010001000000000010100101000000000000100011000100000000000000100000010000101
1010101101101010011001010001111010110000100000000000010010000010100100000010000001000000100000000000000000001101111
1100101100101010110011101100011101010001000000000000010001000000010000000100000000100010010000010110000000000010001
0111100101010001101011001111000110000100101001001000000001000001000000010000000000010000000100001010001001010000011
1101000110010001111011110001110011000010000001000000000010000000000000010000000000001010100100001100000000001001010
0111010110010010111000101110001110000110010101000000100001000000000000100000000001000010010000000001001000000000101
1011001001110100011111010110001100100000100010000000001000000010101001000000010000000000011101010000010000000000011
1101000100110110111001101100001111000001000001000000000001000000010001100000100001000010010000000110000000000000101
1011001011001010010110111101011000100000010010000000000000101000100000000001000000100000100010010000110000000000010
1101001001001110010111110101100011000000000010000000000000000000100000001001001000100000100000101100010010000000010
