-2.500000
-2.500000
-2.500000
-2.500000
-3.000000
-3.000000
-2.500000
-2.500000
-3.000000
-2.500000
-3.000000
-3.000000
-3.000000
-3.500000
-2.500000
-3.000000
-2.500000
-2.500000
-2.500000
-3.000000
-2.500000
-2.500000
-2.500000
-2.500000
-3.000000
-2.500000
-3.000000
-2.500000
-3.000000
-3.000000
-2.500000
-2.500000
-2.500000
14.125000
14.125000
14.500000
14.500000
14.125000
14.500000
14.500000
14.125000
14.125000
14.500000
14.500000
14.125000
14.125000
14.500000
15.062500
15.062500
15.062500
14.500000
14.500000
14.500000
14.125000
14.500000
14.500000
14.125000
14.125000
14.500000
14.500000
15.062500
15.062500
14.500000
14.125000
14.125000
14.500000
14.500000
14.500000
15.062500
15.062500
14.500000
14.500000
15.062500
14.500000
14.500000
14.500000
15.062500
15.062500
15.062500
15.062500
14.500000
14.125000
14.125000
14.500000
14.500000
14.500000
14.125000
14.500000
14.125000
14.125000
14.500000
14.125000
14.500000
14.500000
14.500000
14.125000
14.125000
14.125000
14.500000
14.500000
14.500000
14.125000
15.062500
15.062500
14.500000
14.500000
15.062500
14.125000
15.062500
14.500000
14.500000
14.500000
14.125000
-13.250000
-26.500000
