0110111100101010110011000101110010000101100000100010010001000000000100000100000000100010100000001000000010001001010
1011000111001011100010111001100110100000010001000000000010101001000000000100000010101000000000001000100100010000000
0111010100110110111000101100001110000101010101000000100001000000010001100000100001000010010000000000000000000000100
1101000101010101011111110010001101000000000001000000000010000000100001010000010000000100011101010101000000000000000
1010101101100101101011010001100110110000100000000100010110000011000100000000001000001000000100001000000000010000000
0111010100110110111000101100001110000101010101000000100001000000010001100000100001000010010000000000000000000000100
1011000101111010011001001101011010100000100001000000000001000010100110100010000001000000100000000010000000000001100
1010011111010000011110101101100010101000010000000000111001100000100000000000000000000000101100101000000110000000010
1011001001111000011011010110011100100000100010000000001000000010101010000010000000000000010100010000010000100010000
0111100100110010111000111000101110000101011001001000000010000000010000100000000001000010010000000000100100000100110
0111010100110101111011000101010010000101100101000010000001000000000101010000000100010010100100001000000000000001001
0111100101010010011101001111001010000100101001001000000001000000100000100000000001000000101000100010001001000000110
1010011111001010011000110010101110101000010000000001010010101000100000000010000001000000010000000001000000000100100
1101000101001111010111110010001101000000000001000000000010000000100000001001010010100100010001010101000000000000000
0111100101010001101011001111000110000100101001001000000001000001000000010000000000010000000100001010001001010000000
1011000101110110011101010001101010100000100001000000000010000010100101100000001001000000101000100000000000000100110
1011000101111010010111001101100010100000100001000000000001000010100110100001000000100000100000101010000110000000001
1101000110010010110111101110001101000010000001000000000001000000000000100000000000100011010001010111001000000000000
1011000101110101011111010001011000100000100001000000000010000010100101010000000100000100101110010000000000000000010
0111010101010110100110101101001100000100010101000000100001000001000001100000100000100001000001010000000000010000000
1011001011001010010110111110001100100000010010000000000000101000100000000001000000100000010001010001111000000000000
0111100100100111110111010001100010000101101001000100000010000000000100000000001010101011100000101000000000000000001
1010011111001010011001000111011010101000100000000010010001101000100000000010000001000000100000000000000001100001110
1101000100111010110011110000111101000001000001000000000010000000010010100100000000100010010000010100000000001110010
1010011101101110011000101100001110101000010000000000110001000010110000001010100001000000010000000000000000000000100
0110111101000110100110110001101100000100010000100101010010000001000000000000001000100001000001010000000000010100000
0110111101001001011010110001110010000100010000100001010110000000100000000010000000001000100100001000000000001001000
1010101101100101011111010001011000110000100000000100010110000010100100000000000100000100101110010000000000000000001
1010101111000001101011010011011100110000100000010000010110100001000000000000000000000100000100010000000001110010010
1011001011010000011110111101100010100000010010000000001000100000100000000000000000000000101100101000110110000000000
0111100101010001101011010011011100000100101001001000000010000001000000010000000000000100000100010000000001110010000
0111100100101011110011001101010010000101101001000000000001000000000100000100000010110010100000001010000000000001010
1100011110000101111011100101010011001010000000000010010101000100000000000000000100010010100100001100000000000001010
0111010101011010011001000111011010000100100101000010000001000000100010100010000001000000100000000000000001100001110
1100011101010100011111100101100011001000000000000010011001000000100001000000001000000000101100101100000010000000010
0111100110000011110110111010001100000110011001010000000010000000000000000000000010100111010001010001101000000000011
0110111110000010110110101101100010000110010000110000110001000000000000000000000000100011100000101000000110000000010
0111100101010010011100111001101010000100011001001000000010000000100000100000000001000000101000100000100100000100110
0111010110000111110110110001011000000110010101000001000010000100000000000000000110100111100010010000000000000000001
1011000101111010010110111000101100100000010001000000000010000010110010100001000000100000010001010000100100000100001
1010101101110000011110111000101100110000010000001000011010000010110000000000000000000000011101010000100100000100011
1011000101111001011011010001110010100000100001000000000010000010100110010010000000001000100100001000000000001001010
0111010101010110100111000111001100000100100101000010000001000001000001100000010000100001000001010000000001010000010
0111100110000011110110111001100010000110011001010000000010000000000000000000000010101011100000101000100100000000001
1010101101101010010111001110001100110000100000000000010001000010101000000001000000100000010001010010001000000000000
0111010101001111100010110001011100000100010101000001000010000001000000001100000110100100000000010000000000010010010
0111100100110010110111001110001100000101101001001000000001000000001000100000000000100011010001010010001000000000001
1100101110000001111011101110000111010010000000010000010101000000000000000000000000010010010100001111001000000000010
1010101101101010010111001101100010110000100000000000010001000010100100000001000000100000100000101010000110000000010
1100101101010000011111101110001101010000000000001000011001000000100000000000000000000000011101010111001000000000010
