-2.500000
-2.500000
-2.500000
-2.500000
-3.000000
-3.000000
-2.500000
-2.500000
-3.000000
-2.500000
-3.000000
-3.000000
-3.000000
-3.500000
-2.500000
-3.000000
-2.500000
-2.500000
-2.500000
-3.000000
-2.500000
-2.500000
-2.500000
-2.500000
-3.000000
-2.500000
-3.000000
-2.500000
-3.000000
-3.000000
-2.500000
-2.500000
-2.500000
12.625000
12.625000
13.000000
13.000000
12.625000
13.000000
13.000000
12.625000
12.625000
13.000000
13.000000
12.625000
12.625000
13.000000
13.562500
13.562500
13.562500
13.000000
13.000000
13.000000
12.625000
13.000000
13.000000
12.625000
12.625000
13.000000
13.000000
13.562500
13.562500
13.000000
12.625000
12.625000
13.000000
13.000000
13.000000
13.562500
13.562500
13.000000
13.000000
13.562500
13.000000
13.000000
13.000000
13.562500
13.562500
13.562500
13.562500
13.000000
12.625000
12.625000
13.000000
13.000000
13.000000
12.625000
13.000000
12.625000
12.625000
13.000000
12.625000
13.000000
13.000000
13.000000
12.625000
12.625000
12.625000
13.000000
13.000000
13.000000
12.625000
13.562500
13.562500
13.000000
13.000000
13.562500
12.625000
13.562500
13.000000
13.000000
13.000000
12.625000
-11.750000
-23.500000
