1100101101000101101011110001011101010000000000000100010110000001000000000000000100000100000100010100000000010010000
0111100101001011100010111001011100000100011001000000000010000001000000000100000010100100000000010000100000010010000
1100011101010100011111100101100011001000000000000010011001000000100001000000001000000000101100101100000010000000001
0111100101010001011110111001100010000100011001001000000010000000100000010000000000001000101100101000100100000000001
1010011101101110100011000101100110101000100000000010010001000011000100001100001000100000000000001000000010010000001
1010011111000110011101000111001010101000100000000010010001100100100000000000010001000000101000100000000001000000101
1101000101001111011001110001011011000000000001000000000010000000100000001010000111000100100000000100000000000001100
1100011101001110100011100101100111001000000000000010010001000001000000001100001000100000000000001100000010010000000
0111011010000101111010110110000110000110010110000001000100000100000000000000010000010010010100001001010000000000001
1011000110101011110011010010100110100000100001000000000010011000001000000100000010101010010000001000000000000000000
1101000110010010110111101101100011000010000001000000000001000000000000100000000000100011100000101110000110000000010
1011000101101111010111001101000010100000100001000000000001000010100100001001100010110000100000101010000000000000011
1101000110001011110011110010011101000010000001000000000010001000000000000100000010100110010000010101000000100010001
1100101110000010110111110001111001010010000000010000010010000000000000000000000000100011100010010100000000001100010
0111100101010010100111001111001100000100101001001000000001000001000000100000000000100001000001010010001001010000001
1101001001011000011011110101110011000000000010000000001000000000100010000010000000000000100100001100010010001001000
1101001001011000011011110101110011000000000010000000001000000000100010000010000000000000100100001100010010001001000
0111101001010000101011010111011100000100101010001000001000000001000000000000000000000000000100010000010001110010000
1101001001001101011011110110000111000000000010000000000100000000100000001010010000010000010100001101010000000000000
1101000100111010110011101100011101000001000001000000000001000000010010100100000000100010010000010110000000000010010
1100101101010000011111101110001101010000000000001000011001000000100000000000000000000000011101010111001000000000001
1101001001010100011111110110001101000000000010000000001000000000100001000000010000000000011101010101010000000000000
1010101101101010100011001101011100110000100000000000010001000011000100000100000000100000000000010010000000010010000
0111010110010010110110101101100010000110010101000000100001000000000000100000000000100011100000101000000110000000001
1011000101101111010110111000001100100000010001000000000010000010110000001001100010100100010001010000100000000000011
1011000111001011010110111001100010100000010001000000000010101000100000000001000010101000100000101000100100000000001
0111010101010110101001000111001110000100100101000010000001000001000001100000010001000000000000000000000001010000100
1101001000101110110011110100011101000001000010000000000000000000010000001100000100100010010000010100010000000010000
1010101101101010010111010010101100110000100000000000010010000010101000000001000000100000010001010000000000000100000
1010101111000001101010111001100110110000010000010000010110100001000000000000000000001000000100001000100100010000010
1101000110010001111011101110000111000010000001000000000001000000000000010000000000010010010100001111001000000000000
1011000110110010110111001101011000100000100001000000000001010000000100100000000000100011100010010010000000000000000
1101000101001111010111110001011001000000000001000000000010000000100000001001000110100100100010010100000000000000000
0111010101011001011011000111010010000100100101000010000001000000100010010010000000010000100100001000000001100001011
1011000101101111100011001101000110100000100001000000000001000011000100001100100010110000000000001010000000010000001
0111010101010101101010110001100110000100010101000001000010000001000001010000001000001000000100001000000000010000000
1100011101010100011111100101100011001000000000000010011001000000100001000000001000000000101100101100000010000000001
1100101101000110011101110001101011010000000000000100010010000000100000000000001001000000101000100100000000000100100
1101000101010101011111110001100011000000000001000000000010000000100001010000001000001000101100101100000000000000000
0111010101011001011010110001110010000100010101000001000010000000100010010010000000001000100100001000000000001001001
1011000111001011100011010011011100100000100001000000000010101001000000000100000010100100000000010000000001110010001
1100101101000101101011110001011101010000000000000100010110000001000000000000000100000100000100010100000000010010000
0111010110010010111000110001111010000110010101000001000010000000000000100000000001000010100000000000000000001101110
1011001011000110100110111101001100100000010010000000000000100101000000000000100000100001000001010000110000010000000
0111010110010010111000110001111010000110010101000001000010000000000000100000000001000010100000000000000000001101110
0110111101000101101010110001100110000100010000100101010110000001000000000000001000001000000100001000000000010000000
0110111110000010110110101101011000000110010000110000110001000000000000000000000000100011100010010000000000000000000
0111011000110100111010110100100110000101010110000001001000000000010001000000001000000010010100001000010010000000001
1011000101110110100111001101001100100000100001000000000001000011000101100000100000100001000001010010000000010000001
1101000101010101011111110001100011000000000001000000000010000000100001010000001000001000101100101100000000000000000
