-2.500000
-2.500000
-2.500000
-2.500000
-3.000000
-3.000000
-2.500000
-2.500000
-3.000000
-2.500000
-3.000000
-3.000000
-3.000000
-3.500000
-2.500000
-3.000000
-2.500000
-2.500000
-2.500000
-3.000000
-2.500000
-2.500000
-2.500000
-2.500000
-3.000000
-2.500000
-3.000000
-2.500000
-3.000000
-3.000000
-2.500000
-2.500000
-2.500000
13.125000
13.125000
13.500000
13.500000
13.125000
13.500000
13.500000
13.125000
13.125000
13.500000
13.500000
13.125000
13.125000
13.500000
14.062500
14.062500
14.062500
13.500000
13.500000
13.500000
13.125000
13.500000
13.500000
13.125000
13.125000
13.500000
13.500000
14.062500
14.062500
13.500000
13.125000
13.125000
13.500000
13.500000
13.500000
14.062500
14.062500
13.500000
13.500000
14.062500
13.500000
13.500000
13.500000
14.062500
14.062500
14.062500
14.062500
13.500000
13.125000
13.125000
13.500000
13.500000
13.500000
13.125000
13.500000
13.125000
13.125000
13.500000
13.125000
13.500000
13.500000
13.500000
13.125000
13.125000
13.125000
13.500000
13.500000
13.500000
13.125000
14.062500
14.062500
13.500000
13.500000
14.062500
13.125000
14.062500
13.500000
13.500000
13.500000
13.125000
-12.250000
-24.500000
