1011000101111010011000111000101110100000010001000000000010000010110010100010000001000000010000000000100100000100111
1011000110101011110011001101010010100000100001000000000001011000000100000100000010110010100000001010000000000001011
1010101101100110011101001101001010110000100000000100010001000010100100000000100001000000101000100010000000000000111
1011001010101010110011010110011100100000100010000000000000011000001000000100000000100010010000010000010000100010010
0111011010000110111000110101011010000110010110000001000000000100000000000000000101000010100000000000010000000001110
1010011111001010100011000111011100101000100000000010010001101001000000000100000000100000000000010000000001110010011
1011000101111010010111001110001100100000100001000000000001000010101010100001000000100000010001010010001000000000011
1011000101110110101001010001101110100000100001000000000010000011000101100000001001000000000000000000000000010100110
1101000100111010110011101100100111000001000001000000000001000000010010100100000000100010010000001110000110000000011
1011000111010001101010111001011100100000010001000000000010100001000000010000000000000100000100010000100000010010000
1010101111000010011100111001101010110000010000010000010010100000100000000000000001000000101000100000100100000100111
1101000100110110110111110000101101000001000001000000000010000000010001100000001000100011010001010100000000000100011
1100101110000010110111110010101101010010000000010000010010000000000000000000000000100011010001010101000000000100001
1100011110001010110011100101110011001010000000000010010001001000000000000100000000100010100000001100000010001001011
1011000101110101011111010010001100100000100001000000000010000010101001010000010000000100011101010000000000000000011
0111010110001011110010110010100110000110010101000001000010001000000000000100000010101010010000001001000000000000011
0111100101010010101001010011101110000100101001001000000010000001000000100000000001000000000000000000000001010100100
0111101001010000101011010111100110000100101010001000001000000001000000000000000000000000000100001000010011010000000
1100101101001010011001110001111011010000000000000000010010000000100000000010000001000000100000000100000000001101100
1011000101111001011011010010100110100000100001000000000010000010101010010010000000001000010100001000000000000000010
0111100110000011111000111001011010000110011001010000000010000000000000000000000011000110100000000000100000000001101
1101000101010110100111110001101101000000000001000000000010000001000001100000001000100001000001010100000000010100010
1101000100110101111011110000100111000001000001000000000010000000010001010000001000001010010100001100000000000000010
1010011111010000011111000111100010101000100000000010011001100000100000000000000000000000101100101000000011000000011
1101000110010010110111110010101101000010000001000000000010000000000000100000000000100011010001010101000000000100010
0111011001010100101010110101011100000100010110000001001000000001000001000000000100000000000100010000010000010010010
0111101001010000101010111101100110000100011010001000001000000001000000000000000000000000000100001000110110010000010
1010011111010000101011000111011100101000100000000010011001100001000000000000000000000000000100010000000001110010001
0111101001010000011111010111100010000100101010001000001000000000100000000000000000000000101100101000010011000000001
1011001011000110100111010111001100100000100010000000000000100101000000000000010000100001000001010000010001010000010
1010011111000101101011000111000110101000100000000010010101100101000000000000010000010000000100001000000001010000011
0111101001000101101011010111000110000100101010000100000100000001000000000000010000010000000100001000010001010000010
0111010101010101101010110001100110000100010101000001000010000001000001010000001000001000000100001000000000010000010
1100101101000101011111101101000011010000000000000100010101000000100000000000100000010000101100101110000000000000011
1101001001010100011111110110001101000000000010000000001000000000100001000000010000000000011101010101010000000000010
0110111100101010110010101100011100000101010000100000110001000000010000000100000000100010010000010000000000000010010
1010101101100101101011010001100110110000100000000100010110000011000100000000001000001000000100001000000000010000001
1011000101110101011111010010001100100000100001000000000010000010101001010000010000000100011101010000000000000000011
0110111101000101101010110001011100000100010000100101010110000001000000000000000100000100000100010000000000010010001
1101000110000111110111110001100011000010000001000000000010000100000000000000001010101011100000101100000000000000001
1011000101111010010111010001111000100000100001000000000010000010100110100001000000100000100010010000000000001100011
1010011111010000101010101101011100101000010000000000111001100001000000000000000000000000000100010000000000010010000
1101000101001111010111110010001101000000000001000000000010000000100000001001010010100100010001010101000000000000001
0111010110010001111011000111010010000110100101000010000001000000000000010000000000010010100100001000000001100001011
1100101101001001011011110010100111010000000000000000010110000000100000000010000000001000010100001101000000000000000
1011001011001010010110111101100010100000010010000000000000101000100000000001000000100000100000101000110110000000001
1011000101101111010111010001011000100000100001000000000010000010100100001001000110100100100010010000000000000000011
1100101101010000011111101101011001010000000000001000011001000000100000000000000000000000101110010110000000000000010
0111101000100101111011010101010010000101101010000100000100000000000100000000000100010010100100001000010000000001011
1011001011000110100110111101001100100000010010000000000000100101000000000000100000100001000001010000110000010000010
